%YAML:1.0
---
CM1: !!opencv-matrix
   rows: 3
   cols: 3
   dt: d
   data: [ 7.6554657932342195e+002, 0., 3.0629966422100568e+002, 0.,
       7.6554657932342195e+002, 2.1812712927401896e+002, 0., 0., 1. ]
CM2: !!opencv-matrix
   rows: 3
   cols: 3
   dt: d
   data: [ 7.6554657932342195e+002, 0., 3.0589793316410572e+002, 0.,
       7.6554657932342195e+002, 2.1751415282646138e+002, 0., 0., 1. ]
D1: !!opencv-matrix
   rows: 1
   cols: 14
   dt: d
   data: [ -2.5830374025924308e-001, 3.4023145457664885e+000, 0., 0., 0.,
       0., 0., 1.4247462969393231e+001, 0., 0., 0., 0., 0., 0. ]
D2: !!opencv-matrix
   rows: 1
   cols: 14
   dt: d
   data: [ 6.4532107244974296e-002, -7.4474757350788978e-001, 0., 0., 0.,
       0., 0., -2.9027828606992117e+000, 0., 0., 0., 0., 0., 0. ]
R: !!opencv-matrix
   rows: 3
   cols: 3
   dt: d
   data: [ 9.9973592490193808e-001, 7.8961594124921878e-003,
       -2.1580804595730266e-002, -7.8534475798482922e-003,
       9.9996703274939647e-001, 2.0631954531634216e-003,
       2.1596384456134238e-002, -1.8931668969983130e-003,
       9.9976497843119261e-001 ]
T: !!opencv-matrix
   rows: 3
   cols: 1
   dt: d
   data: [ -3.1956276440648819e+000, -8.8947122001842847e-004,
       1.1532644428669743e-001 ]
E: !!opencv-matrix
   rows: 3
   cols: 3
   dt: d
   data: [ 8.8650082234568810e-004, -1.1532095837343784e-001,
       -1.1272031705787094e-003, 1.8430999262448899e-001,
       -5.1392204823126793e-003, 3.1923877651837778e+000,
       2.5985930520196425e-002, -3.1955152696009583e+000,
       -6.6123999298307442e-003 ]
F: !!opencv-matrix
   rows: 3
   cols: 3
   dt: d
   data: [ -2.7190767732712232e-007, 3.5371263227358649e-005,
       -7.3674699093532661e-003, -5.6531591104561380e-005,
       1.5763025474923981e-006, -7.3262823974138702e-001,
       6.2778779031428672e-003, 7.3917151318363983e-001,
       9.9999999999999989e-001 ]
R1: !!opencv-matrix
   rows: 3
   cols: 3
   dt: d
   data: [ 9.9830442628328075e-001, 8.2374496591140055e-003,
       -5.7623058633877552e-002, -8.1844335832798459e-003,
       9.9996583877739886e-001, 1.1559953000061206e-003,
       5.7630612612834579e-002, -6.8242312850439629e-004,
       9.9833774184318169e-001 ]
R2: !!opencv-matrix
   rows: 3
   cols: 3
   dt: d
   data: [ 9.9934939512826104e-001, 2.7815897993025389e-004,
       -3.6065344644975489e-002, -3.1132991682950782e-004,
       9.9999953371736083e-001, -9.1413278214540422e-004,
       3.6065073554089208e-002, 9.2476626365264392e-004,
       9.9934901574819990e-001 ]
P1: !!opencv-matrix
   rows: 3
   cols: 4
   dt: d
   data: [ -2.9151427406154835e+002, 0., -5.9250068664550781e+000, 0.,
       0., -2.9151427406154835e+002, -8.3738798141479492e+001, 0., 0.,
       0., 1., 0. ]
P2: !!opencv-matrix
   rows: 3
   cols: 4
   dt: d
   data: [ -2.9151427406154835e+002, 0., -5.9250068664550781e+000,
       9.3217755208730375e+002, 0., -2.9151427406154835e+002,
       -8.3738798141479492e+001, 0., 0., 0., 1., 0. ]
Q: !!opencv-matrix
   rows: 4
   cols: 4
   dt: d
   data: [ 1., 0., 0., 5.9250068664550781e+000, 0., 1., 0.,
       8.3738798141479492e+001, 0., 0., 0., -2.9151427406154835e+002, 0.,
       0., 3.1272397989932110e-001, 0. ]
