%YAML:1.0
---
CM1: !!opencv-matrix
   rows: 3
   cols: 3
   dt: d
   data: [ 6.8411236054475648e+002, 0., 3.0149737244699594e+002, 0.,
       6.8411236054475648e+002, 1.8115844168014985e+002, 0., 0., 1. ]
CM2: !!opencv-matrix
   rows: 3
   cols: 3
   dt: d
   data: [ 6.8411236054475648e+002, 0., 3.7038231538037638e+002, 0.,
       6.8411236054475648e+002, 1.3654739503859463e+002, 0., 0., 1. ]
D1: !!opencv-matrix
   rows: 1
   cols: 14
   dt: d
   data: [ 2.3302974777454422e+000, -1.0027036896743206e+002, 0., 0., 0.,
       0., 0., -8.9133629664378213e+002, 0., 0., 0., 0., 0., 0. ]
D2: !!opencv-matrix
   rows: 1
   cols: 14
   dt: d
   data: [ -2.3137762680836388e-001, -3.8938257400144707e+000, 0., 0.,
       0., 0., 0., -1.4975139693446208e+001, 0., 0., 0., 0., 0., 0. ]
R: !!opencv-matrix
   rows: 3
   cols: 3
   dt: d
   data: [ 9.7468492062552181e-001, 1.2102233523505047e-001,
       1.8799707412477248e-001, -1.1941166481714231e-001,
       9.9264512724619436e-001, -1.9912449874012222e-002,
       -1.8902423075050087e-001, -3.0406789770795195e-003,
       9.8196771558974372e-001 ]
T: !!opencv-matrix
   rows: 3
   cols: 1
   dt: d
   data: [ -5.3834105362175720e+001, 1.4236995899709829e+001,
       9.0461878994559317e+000 ]
E: !!opencv-matrix
   rows: 3
   cols: 3
   dt: d
   data: [ -1.6109168408179650e+000, -9.0229444726774322e+000,
       1.4160402103597420e+001, -1.3587674194819197e+000,
       9.3109855214256132e-001, 5.4564010320393905e+001,
       -7.4481650732157041e+000, -5.5161156857936675e+001,
       -1.6045446489352138e+000 ]
F: !!opencv-matrix
   rows: 3
   cols: 3
   dt: d
   data: [ 8.5610626767022998e-007, 4.7951570932595973e-006,
       -6.2750226747519669e-003, 7.2210388187010341e-007,
       -4.9482337393851747e-007, -1.9965631963200947e-002,
       2.2922036395397185e-003, 1.8346187970682045e-002, 1. ]
R1: !!opencv-matrix
   rows: 3
   cols: 3
   dt: d
   data: [ 9.9054225181148281e-001, -1.3453279615117106e-001,
       2.6962457899541159e-002, 1.3445132255047060e-001,
       9.9090847449751274e-001, 4.8204806234985144e-003,
       -2.7365840763009519e-002, -1.1497516078091958e-003,
       9.9962482403678521e-001 ]
R2: !!opencv-matrix
   rows: 3
   cols: 3
   dt: d
   data: [ 9.5425398612351109e-001, -2.5236251250620056e-001,
       -1.6035115293925289e-001, 2.5187597048908528e-001,
       9.6746942491551347e-001, -2.3694036039203257e-002,
       1.6111432418494434e-001, -1.7778473927854272e-002,
       9.8677560793081276e-001 ]
P1: !!opencv-matrix
   rows: 3
   cols: 4
   dt: d
   data: [ -2.2144992041702330e+003, 0., 1.1302944499969482e+004, 0., 0.,
       -2.2144992041702330e+003, 1.7015119428634644e+003, 0., 0., 0., 1.,
       0. ]
P2: !!opencv-matrix
   rows: 3
   cols: 4
   dt: d
   data: [ -2.2144992041702330e+003, 0., 1.1302944499969482e+004,
       1.2493066334052944e+005, 0., -2.2144992041702330e+003,
       1.7015119428634644e+003, 0., 0., 0., 1., 0. ]
Q: !!opencv-matrix
   rows: 4
   cols: 4
   dt: d
   data: [ 1., 0., 0., -1.1302944499969482e+004, 0., 1., 0.,
       -1.7015119428634644e+003, 0., 0., 0., -2.2144992041702330e+003,
       0., 0., 1.7725826029868004e-002, 0. ]
