%YAML:1.0
---
R: !!opencv-matrix
   rows: 3
   cols: 3
   dt: d
   data: [ 9.9931708166169109e-001, -1.0575032344319302e-002,
       -3.5405352562538787e-002, 1.0027245174636877e-002,
       9.9982781608960125e-001, -1.5613856913210216e-002,
       3.5564373372362297e-002, 1.5248175773353400e-002,
       9.9925105378088852e-001 ]
T: !!opencv-matrix
   rows: 3
   cols: 1
   dt: d
   data: [ -3.1935281281798700e+000, -7.6145589544484832e-002,
       -3.3255556039075485e-001 ]
R1: !!opencv-matrix
   rows: 3
   cols: 3
   dt: d
   data: [ 9.9758334654116010e-001, 1.4768405904391661e-002,
       6.7892274161223870e-002, -1.4240838605260419e-002,
       9.9986457448852528e-001, -8.2481027333143244e-003,
       -6.8004891144377105e-002, 7.2613270084409317e-003,
       9.9765856279115750e-001 ]
R2: !!opencv-matrix
   rows: 3
   cols: 3
   dt: d
   data: [ 9.9434215230675160e-001, 2.3708815566150676e-002,
       1.0354504435475020e-001, -2.4512686505335144e-002,
       9.9967840221191673e-001, 6.4977189321012169e-003,
       -1.0335769127775685e-001, -8.9991230394788468e-003,
       9.9460354083335756e-001 ]
P1: !!opencv-matrix
   rows: 3
   cols: 4
   dt: d
   data: [ 6.8582106430175725e+002, 0., 2.3500122261047363e+002, 0., 0.,
       6.8582106430175725e+002, 2.4189038467407227e+002, 0., 0., 0., 1.,
       0. ]
P2: !!opencv-matrix
   rows: 3
   cols: 4
   dt: d
   data: [ 6.8582106430175725e+002, 0., 2.3500122261047363e+002,
       -2.2026511243287309e+003, 0., 6.8582106430175725e+002,
       2.4189038467407227e+002, 0., 0., 0., 1., 0. ]
Q: !!opencv-matrix
   rows: 4
   cols: 4
   dt: d
   data: [ 1., 0., 0., -2.3500122261047363e+002, 0., 1., 0.,
       -2.4189038467407227e+002, 0., 0., 0., 6.8582106430175725e+002, 0.,
       0., 3.1136163903884900e-001, 0. ]
