%YAML:1.0
---
M1: !!opencv-matrix
   rows: 3
   cols: 3
   dt: d
   data: [ 7.6554657932342195e+002, 0., 3.0629966422100568e+002, 0.,
       7.6554657932342195e+002, 2.1812712927401896e+002, 0., 0., 1. ]
D1: !!opencv-matrix
   rows: 1
   cols: 14
   dt: d
   data: [ -2.5830374025924308e-001, 3.4023145457664885e+000, 0., 0., 0.,
       0., 0., 1.4247462969393231e+001, 0., 0., 0., 0., 0., 0. ]
M2: !!opencv-matrix
   rows: 3
   cols: 3
   dt: d
   data: [ 7.6554657932342195e+002, 0., 3.0589793316410572e+002, 0.,
       7.6554657932342195e+002, 2.1751415282646138e+002, 0., 0., 1. ]
D2: !!opencv-matrix
   rows: 1
   cols: 14
   dt: d
   data: [ 6.4532107244974296e-002, -7.4474757350788978e-001, 0., 0., 0.,
       0., 0., -2.9027828606992117e+000, 0., 0., 0., 0., 0., 0. ]
