%YAML:1.0
---
M1: !!opencv-matrix
   rows: 3
   cols: 3
   dt: d
   data: [ 7.5963484199963341e+002, 0., 3.1089637415574089e+002, 0.,
       7.5963484199963341e+002, 2.4140181335383994e+002, 0., 0., 1. ]
D1: !!opencv-matrix
   rows: 1
   cols: 14
   dt: d
   data: [ 1.2572793640128108e-001, -1.0072886339714111e+000, 0., 0., 0.,
       0., 0., -1.3763700071919183e+000, 0., 0., 0., 0., 0., 0. ]
M2: !!opencv-matrix
   rows: 3
   cols: 3
   dt: d
   data: [ 7.5963484199963341e+002, 0., 3.0965140140137004e+002, 0.,
       7.5963484199963341e+002, 2.4035279572301181e+002, 0., 0., 1. ]
D2: !!opencv-matrix
   rows: 1
   cols: 14
   dt: d
   data: [ -9.2491648548909594e-002, 5.5042664746300229e-001, 0., 0., 0.,
       0., 0., 6.7739880195588742e-001, 0., 0., 0., 0., 0., 0. ]
