%YAML:1.0
---
M1: !!opencv-matrix
   rows: 3
   cols: 3
   dt: d
   data: [ 6.8411236054475648e+002, 0., 3.0149737244699594e+002, 0.,
       6.8411236054475648e+002, 1.8115844168014985e+002, 0., 0., 1. ]
D1: !!opencv-matrix
   rows: 1
   cols: 14
   dt: d
   data: [ 2.3302974777454422e+000, -1.0027036896743206e+002, 0., 0., 0.,
       0., 0., -8.9133629664378213e+002, 0., 0., 0., 0., 0., 0. ]
M2: !!opencv-matrix
   rows: 3
   cols: 3
   dt: d
   data: [ 6.8411236054475648e+002, 0., 3.7038231538037638e+002, 0.,
       6.8411236054475648e+002, 1.3654739503859463e+002, 0., 0., 1. ]
D2: !!opencv-matrix
   rows: 1
   cols: 14
   dt: d
   data: [ -2.3137762680836388e-001, -3.8938257400144707e+000, 0., 0.,
       0., 0., 0., -1.4975139693446208e+001, 0., 0., 0., 0., 0., 0. ]
